703 2
 263  325 0
 264  318 0
 268  314 0
 276  315 0
 276  324 0
 269  325 0
 264  335 0
 270  336 0
 278  335 0
 284  334 0
 285  331 0
 285  323 0
 287  316 0
 280  310 0
 275  309 0
 269  309 0
 258  313 0
 256  321 0
 256  328 0
 256  336 0
 262  340 0
 271  342 0
 279  343 0
 284  341 0
 290  338 0
 290  333 0
 294  327 0
 294  316 0
 287  310 0
 260  309 0
 250  314 0
 248  322 0
 248  332 0
 249  342 0
 256  348 0
 265  349 0
 278  349 0
 285  349 0
 294  346 0
 297  338 0
 299  331 0
 299  322 0
 299  312 0
 291  307 0
 287  307 0
 278  306 0
 266  306 0
 258  306 0
 251  307 0
 274  302 0
 235  275 0
 245  274 0
 257  274 0
 248  270 0
 244  270 0
 237  272 0
 231  272 0
 232  266 0
 236  269 0
 244  268 0
 250  269 0
 257  269 0
 252  263 0
 245  266 0
 240  266 0
 231  259 0
 237  260 0
 242  259 0
 239  264 0
 245  262 0
 250  259 0
 254  263 0
 253  250 0
 244  256 0
 238  256 0
 231  256 0
 233  249 0
 237  250 0
 241  249 0
 244  245 0
 237  244 0
 230  244 0
 224  252 0
 224  260 0
 224  267 0
 225  278 0
 246  280 0
 260  277 0
 259  264 0
 259  257 0
 256  246 0
 224  238 0
 222  249 0
 216  257 0
 216  269 0
 216  247 0
 218  237 0
 219  231 0
 227  226 0
 230  230 0
 228  233 0
 232  242 0
 237  236 0
 233  234 0
 237  225 0
 243  228 0
 242  233 0
 242  241 0
 249  241 0
 250  236 0
 252  229 0
 255  232 0
 255  237 0
 254  242 0
 248  232 0
 248  226 0
 238  225 0
 230  219 0
 223  222 0
 214  226 0
 210  233 0
 211  245 0
 211  250 0
 211  259 0
 212  270 0
 259  247 0
 260  237 0
 255  222 0
 239  218 0
 225  218 0
 211  223 0
 210  217 0
 217  219 0
 223  216 0
 231  214 0
 243  215 0
 246  218 0
 256  224 0
 253  216 0
 246  211 0
 237  211 0
 265  253 0
 266  246 0
 265  237 0
 265  226 0
 260  218 0
 257  210 0
 249  207 0
 238  207 0
 227  210 0
 338  287 0
 328  285 0
 332  280 0
 341  284 0
 338  279 0
 333  274 0
 329  279 0
 333  290 0
 334  273 0
 341  278 0
 338  273 0
 330  271 0
 326  276 0
 327  267 0
 333  267 0
 338  270 0
 342  272 0
 343  278 0
 345  287 0
 342  290 0
 333  294 0
 320  286 0
 319  267 0
 331  261 0
 342  261 0
 346  270 0
 348  277 0
 352  276 0
 352  271 0
 346  262 0
 351  258 0
 342  257 0
 334  257 0
 335  264 0
 323  260 0
 329  253 0
 324  257 0
 335  252 0
 344  252 0
 353  254 0
 351  265 0
 346  268 0
 356  271 0
 358  279 0
 353  287 0
 351  294 0
 341  249 0
 331  248 0
 346  247 0
 359  259 0
 320  193 0
 315  192 0
 312  186 0
 311  182 0
 311  170 0
 317  167 0
 322  167 0
 328  167 0
 336  167 0
 342  172 0
 342  177 0
 334  183 0
 325  189 0
 320  188 0
 319  181 0
 326  177 0
 321  181 0
 326  181 0
 328  178 0
 333  174 0
 318  174 0
 315  177 0
 319  182 0
 325  179 0
 329  174 0
 337  174 0
 334  177 0
 332  189 0
 329  193 0
 325  195 0
 320  195 0
 316  193 0
 314  182 0
 328  187 0
 321  174 0
 341  171 0
 444  233 0
 438  228 0
 437  223 0
 438  214 0
 449  212 0
 461  214 0
 463  219 0
 464  230 0
 460  236 0
 451  240 0
 443  228 0
 447  223 0
 451  223 0
 453  228 0
 454  232 0
 454  224 0
 444  220 0
 440  217 0
 450  217 0
 454  215 0
 461  221 0
 455  225 0
 455  227 0
 452  237 0
 444  236 0
 444  227 0
 444  221 0
 444  219 0
 450  212 0
 461  219 0
 447  229 0
 446  232 0
 449  226 0
 458  227 0
 453  231 0
 394  347 0
 389  342 0
 389  338 0
 392  330 0
 397  330 0
 415  330 0
 420  334 0
 421  338 0
 421  344 0
 413  347 0
 399  345 0
 395  336 0
 401  336 0
 415  337 0
 417  340 0
 396  346 0
 395  343 0
 395  337 0
 405  335 0
 406  335 0
 408  344 0
 401  344 0
 395  330 0
 407  330 0
 412  334 0
 412  342 0
 413  346 0
 400  349 0
 398  349 0
 218  151 0
 211  146 0
 212  136 0
 215  133 0
 235  127 0
 238  134 0
 236  140 0
 230  147 0
 216  146 0
 213  140 0
 219  139 0
 221  141 0
 224  139 0
 228  129 0
 238  130 0
 228  137 0
 228  144 0
 221  148 0
 215  130 0
 218  129 0
 232  130 0
 232  136 0
 230  144 0
 215  143 0
 215  138 0
 215  134 0
 218  127 0
 223  127 0
 224  140 0
 231  133 0
 151  240 0
 144  233 0
 140  226 0
 139  224 0
 134  228 0
 132  228 0
 131  238 0
 133  243 0
 143  241 0
 146  240 0
 149  233 0
 149  228 0
 138  225 0
 129  225 0
 129  238 0
 136  232 0
 136  227 0
 143  239 0
 137  238 0
 130  242 0
 123  235 0
 125  226 0
 132  223 0
 139  222 0
 144  226 0
 144  230 0
 142  236 0
 135  236 0
 131  236 0
 125  234 0
 137  225 0
 122  230 0
 123  228 0
 133  218 0
 142  218 0
 145  223 0
 145  225 0
 147  231 0
 146  231 0
 144  231 0
 134  362 0
 134  359 0
 135  354 0
 144  351 0
 151  353 0
 152  359 0
 146  364 0
 134  363 0
 128  360 0
 128  355 0
 132  352 0
 142  358 0
 143  361 0
 144  370 0
 158  376 0
 136  377 0
 132  370 0
 138  365 0
 141  371 0
 139  377 0
 131  372 0
 134  365 0
 141  365 0
 142  372 0
 142  374 0
 136  371 0
 136  358 0
 136  352 0
 135  347 0
 140  353 0
 347  104 0
 347  101 0
 351   92 0
 356   92 0
 359   92 0
 369   94 0
 372  100 0
 364  111 0
 356  112 0
 347  108 0
 351  101 0
 356  101 0
 359  104 0
 354  106 0
 354   98 0
 364  103 0
 364  107 0
 353  104 0
 357   95 0
 363   97 0
 366  102 0
 349  102 0
 348   94 0
 365   95 0
 367  104 0
 364  108 0
 363  108 0
 357  106 0
 356  103 0
 356   99 0
 356   96 0
 521  120 0
 515  116 0
 513  102 0
 523  100 0
 530  102 0
 535  111 0
 529  118 0
 519  115 0
 524  109 0
 528  115 0
 515  111 0
 516  103 0
 530  108 0
 524  108 0
 525  117 0
 517  109 0
 523  104 0
 531  105 0
 521  107 0
 518  108 0
 524  115 0
 523  110 0
 525  108 0
 527  114 0
 519  113 0
 519  108 0
 513  105 0
 527  105 0
 532  114 0
 430  155 0
 426  149 0
 427  144 0
 439  143 0
 447  147 0
 447  155 0
 442  160 0
 435  164 0
 424  161 0
 419  154 0
 424  149 0
 441  155 0
 435  151 0
 432  148 0
 432  156 0
 432  158 0
 428  155 0
 432  145 0
 437  147 0
 444  152 0
 434  157 0
 432  164 0
 423  159 0
 437  145 0
 444  149 0
 444  153 0
 440  159 0
 437  160 0
 435  155 0
 435  145 0
 442  136 0
 435  147 0
 447  153 0
 439  149 0
 430  144 0
 426  144 0
 428  156 0
 428  159 0
 431  147 0
 358  427 0
 350  427 0
 348  418 0
 351  412 0
 358  411 0
 366  411 0
 373  418 0
 372  424 0
 371  424 0
 364  422 0
 351  418 0
 359  412 0
 359  413 0
 359  421 0
 359  424 0
 354  415 0
 356  415 0
 364  415 0
 373  422 0
 369  427 0
 360  430 0
 353  428 0
 353  426 0
 362  419 0
 363  426 0
 385  418 0
 369  417 0
 374  415 0
 373  414 0
 361  412 0
 357  413 0
 230  415 0
 226  408 0
 229  405 0
 236  405 0
 248  409 0
 246  415 0
 240  422 0
 233  413 0
 244  414 0
 240  418 0
 238  413 0
 229  406 0
 234  405 0
 238  412 0
 238  415 0
 238  420 0
 236  420 0
 232  420 0
 230  413 0
 230  411 0
 236  411 0
 245  416 0
 248  423 0
 244  419 0
 244  411 0
 243  408 0
 241  406 0
 248  415 0
 248  421 0
 241  426 0
 248  426 0
 234  424 0
 231  426 0
 228  420 0
 224  418 0
 225  408 0
 235  407 0
 237  412 0
 242  412 0
 247  405 0
 496  384 0
 490  378 0
 490  372 0
 494  369 0
 501  369 0
 504  369 0
 511  375 0
 514  384 0
 508  396 0
 499  392 0
 497  380 0
 500  377 0
 503  382 0
 506  390 0
 506  382 0
 496  370 0
 501  370 0
 502  374 0
 502  381 0
 503  383 0
 497  378 0
 491  370 0
 504  376 0
 511  383 0
 503  380 0
 501  375 0
 499  372 0
 499  365 0
 499  364 0
 503  368 0
 183  275 0
 191  311 0
 234  350 0
 202  350 0
 154  317 0
 224  358 0
 292  381 0
 312  374 0
 326  334 0
 345  361 0
 421  368 0
 458  353 0
 397  299 0
 359  311 0
 384  263 0
 396  224 0
 376  202 0
 308  215 0
 280  200 0
 250  159 0
 287  140 0
 339  128 0
 403  141 0
 412  125 0
 493  124 0
 501  157 0
 472  176 0
 489  228 0
 480  262 0
 503  297 0
 479  322 0
 465  372 0
 435  378 0
 379  391 0
 328  398 0
 239  380 0
 201  389 0
 192  373 0
 176  329 0
 173  295 0
 162  244 0
 188  240 0
 178  213 0
 172  193 0
 207  181 0
 232  192 0
 264  153 0
 303  124 0
 277  179 0
 351  150 0
 358  191 0
 360  222 0
 398  199 0
 406  216 0
 431  269 0
 438  300 0
 446  319 0
 373  376 0
 282  421 0
 337  425 0
 291  418 0
 314  417 0
 428  409 0
 454  396 0
 479  380 0
 422  399 0
 478  190 0
 501  154 0
 473  135 0
 448  138 0
 399  122 0
 385  114 0
 338  150 0
 330  159 0
 255  123 0
 295  113 0
 320  105 0
 195  167 0
 176  175 0
 224  133 0
 233  133 0
 213  136 0
 223  128 0
 231  127 0
 247  279 0
 226  257 0
 230  241 0
 246  257 0
 233  246 0
 224  239 0
 239  227 0
 248  242 0
 243  250 0
 231  246 0
 232  241 0
 287  328 0
 267  329 0
 263  331 0
 279  332 0
 280  327 0
 274  319 0
 283  325 0
 286  329 0
