800 2
 263  325 0
 264  318 0
 268  314 0
 276  315 0
 276  324 0
 269  325 0
 264  335 0
 270  336 0
 278  335 0
 284  334 0
 285  331 0
 285  323 0
 287  316 0
 280  310 0
 275  309 0
 269  309 0
 258  313 0
 256  321 0
 256  328 0
 256  336 0
 262  340 0
 271  342 0
 279  343 0
 284  341 0
 290  338 0
 290  333 0
 294  327 0
 294  316 0
 287  310 0
 260  309 0
 250  314 0
 248  322 0
 248  332 0
 249  342 0
 256  348 0
 265  349 0
 278  349 0
 285  349 0
 294  346 0
 297  338 0
 299  331 0
 299  322 0
 299  312 0
 291  307 0
 287  307 0
 278  306 0
 266  306 0
 258  306 0
 251  307 0
 274  302 0
 235  275 0
 245  274 0
 257  274 0
 248  270 0
 244  270 0
 237  272 0
 231  272 0
 232  266 0
 236  269 0
 244  268 0
 250  269 0
 257  269 0
 252  263 0
 245  266 0
 240  266 0
 231  259 0
 237  260 0
 242  259 0
 239  264 0
 245  262 0
 250  259 0
 254  263 0
 253  250 0
 244  256 0
 238  256 0
 231  256 0
 233  249 0
 237  250 0
 241  249 0
 244  245 0
 237  244 0
 230  244 0
 224  252 0
 224  260 0
 224  267 0
 225  278 0
 246  280 0
 260  277 0
 259  264 0
 259  257 0
 256  246 0
 224  238 0
 222  249 0
 216  257 0
 216  269 0
 216  247 0
 218  237 0
 219  231 0
 227  226 0
 230  230 0
 228  233 0
 232  242 0
 237  236 0
 233  234 0
 237  225 0
 243  228 0
 242  233 0
 242  241 0
 249  241 0
 250  236 0
 252  229 0
 255  232 0
 255  237 0
 254  242 0
 248  232 0
 248  226 0
 238  225 0
 230  219 0
 223  222 0
 214  226 0
 210  233 0
 211  245 0
 211  250 0
 211  259 0
 212  270 0
 259  247 0
 260  237 0
 255  222 0
 239  218 0
 225  218 0
 211  223 0
 210  217 0
 217  219 0
 223  216 0
 231  214 0
 243  215 0
 246  218 0
 256  224 0
 253  216 0
 246  211 0
 237  211 0
 265  253 0
 266  246 0
 265  237 0
 265  226 0
 260  218 0
 257  210 0
 249  207 0
 238  207 0
 227  210 0
 338  287 0
 328  285 0
 332  280 0
 341  284 0
 338  279 0
 333  274 0
 329  279 0
 333  290 0
 334  273 0
 341  278 0
 338  273 0
 330  271 0
 326  276 0
 327  267 0
 333  267 0
 338  270 0
 342  272 0
 343  278 0
 345  287 0
 342  290 0
 333  294 0
 320  286 0
 319  267 0
 331  261 0
 342  261 0
 346  270 0
 348  277 0
 352  276 0
 352  271 0
 346  262 0
 351  258 0
 342  257 0
 334  257 0
 335  264 0
 323  260 0
 329  253 0
 324  257 0
 335  252 0
 344  252 0
 353  254 0
 351  265 0
 346  268 0
 356  271 0
 358  279 0
 353  287 0
 351  294 0
 341  249 0
 331  248 0
 346  247 0
 359  259 0
 320  193 0
 315  192 0
 312  186 0
 311  182 0
 311  170 0
 317  167 0
 322  167 0
 328  167 0
 336  167 0
 342  172 0
 342  177 0
 334  183 0
 325  189 0
 320  188 0
 319  181 0
 326  177 0
 321  181 0
 326  181 0
 328  178 0
 333  174 0
 318  174 0
 315  177 0
 319  182 0
 325  179 0
 329  174 0
 337  174 0
 334  177 0
 332  189 0
 329  193 0
 325  195 0
 320  195 0
 316  193 0
 314  182 0
 328  187 0
 321  174 0
 341  171 0
 444  233 0
 438  228 0
 437  223 0
 438  214 0
 449  212 0
 461  214 0
 463  219 0
 464  230 0
 460  236 0
 451  240 0
 443  228 0
 447  223 0
 451  223 0
 453  228 0
 454  232 0
 454  224 0
 444  220 0
 440  217 0
 450  217 0
 454  215 0
 461  221 0
 455  225 0
 455  227 0
 452  237 0
 444  236 0
 444  227 0
 444  221 0
 444  219 0
 450  212 0
 461  219 0
 447  229 0
 446  232 0
 449  226 0
 458  227 0
 453  231 0
 394  347 0
 389  342 0
 389  338 0
 392  330 0
 397  330 0
 415  330 0
 420  334 0
 421  338 0
 421  344 0
 413  347 0
 399  345 0
 395  336 0
 401  336 0
 415  337 0
 417  340 0
 396  346 0
 395  343 0
 395  337 0
 405  335 0
 406  335 0
 408  344 0
 401  344 0
 395  330 0
 407  330 0
 412  334 0
 412  342 0
 413  346 0
 400  349 0
 398  349 0
 218  151 0
 211  146 0
 212  136 0
 215  133 0
 235  127 0
 238  134 0
 236  140 0
 230  147 0
 216  146 0
 213  140 0
 219  139 0
 221  141 0
 224  139 0
 228  129 0
 238  130 0
 228  137 0
 228  144 0
 221  148 0
 215  130 0
 218  129 0
 232  130 0
 232  136 0
 230  144 0
 215  143 0
 215  138 0
 215  134 0
 218  127 0
 223  127 0
 224  140 0
 231  133 0
 151  240 0
 144  233 0
 140  226 0
 139  224 0
 134  228 0
 132  228 0
 131  238 0
 133  243 0
 143  241 0
 146  240 0
 149  233 0
 149  228 0
 138  225 0
 129  225 0
 129  238 0
 136  232 0
 136  227 0
 143  239 0
 137  238 0
 130  242 0
 123  235 0
 125  226 0
 132  223 0
 139  222 0
 144  226 0
 144  230 0
 142  236 0
 135  236 0
 131  236 0
 125  234 0
 137  225 0
 122  230 0
 123  228 0
 133  218 0
 142  218 0
 145  223 0
 145  225 0
 147  231 0
 146  231 0
 144  231 0
 134  362 0
 134  359 0
 135  354 0
 144  351 0
 151  353 0
 152  359 0
 146  364 0
 134  363 0
 128  360 0
 128  355 0
 132  352 0
 142  358 0
 143  361 0
 144  370 0
 158  376 0
 136  377 0
 132  370 0
 138  365 0
 141  371 0
 139  377 0
 131  372 0
 134  365 0
 141  365 0
 142  372 0
 142  374 0
 136  371 0
 136  358 0
 136  352 0
 135  347 0
 140  353 0
 347  104 0
 347  101 0
 351   92 0
 356   92 0
 359   92 0
 369   94 0
 372  100 0
 364  111 0
 356  112 0
 347  108 0
 351  101 0
 356  101 0
 359  104 0
 354  106 0
 354   98 0
 364  103 0
 364  107 0
 353  104 0
 357   95 0
 363   97 0
 366  102 0
 349  102 0
 348   94 0
 365   95 0
 367  104 0
 364  108 0
 363  108 0
 357  106 0
 356  103 0
 356   99 0
 356   96 0
 521  120 0
 515  116 0
 513  102 0
 523  100 0
 530  102 0
 535  111 0
 529  118 0
 519  115 0
 524  109 0
 528  115 0
 515  111 0
 516  103 0
 530  108 0
 524  108 0
 525  117 0
 517  109 0
 523  104 0
 531  105 0
 521  107 0
 518  108 0
 524  115 0
 523  110 0
 525  108 0
 527  114 0
 519  113 0
 519  108 0
 513  105 0
 527  105 0
 532  114 0
 430  155 0
 426  149 0
 427  144 0
 439  143 0
 447  147 0
 447  155 0
 442  160 0
 435  164 0
 424  161 0
 419  154 0
 424  149 0
 441  155 0
 435  151 0
 432  148 0
 432  156 0
 432  158 0
 428  155 0
 432  145 0
 437  147 0
 444  152 0
 434  157 0
 432  164 0
 423  159 0
 437  145 0
 444  149 0
 444  153 0
 440  159 0
 437  160 0
 435  155 0
 435  145 0
 442  136 0
 435  147 0
 447  153 0
 439  149 0
 430  144 0
 426  144 0
 428  156 0
 428  159 0
 431  147 0
 358  427 0
 350  427 0
 348  418 0
 351  412 0
 358  411 0
 366  411 0
 373  418 0
 372  424 0
 371  424 0
 364  422 0
 351  418 0
 359  412 0
 359  413 0
 359  421 0
 359  424 0
 354  415 0
 356  415 0
 364  415 0
 373  422 0
 369  427 0
 360  430 0
 353  428 0
 353  426 0
 362  419 0
 363  426 0
 385  418 0
 369  417 0
 374  415 0
 373  414 0
 361  412 0
 357  413 0
 230  415 0
 226  408 0
 229  405 0
 236  405 0
 248  409 0
 246  415 0
 240  422 0
 233  413 0
 244  414 0
 240  418 0
 238  413 0
 229  406 0
 234  405 0
 238  412 0
 238  415 0
 238  420 0
 236  420 0
 232  420 0
 230  413 0
 230  411 0
 236  411 0
 245  416 0
 248  423 0
 244  419 0
 244  411 0
 243  408 0
 241  406 0
 248  415 0
 248  421 0
 241  426 0
 248  426 0
 234  424 0
 231  426 0
 228  420 0
 224  418 0
 225  408 0
 235  407 0
 237  412 0
 242  412 0
 247  405 0
 496  384 0
 490  378 0
 490  372 0
 494  369 0
 501  369 0
 504  369 0
 511  375 0
 514  384 0
 508  396 0
 499  392 0
 497  380 0
 500  377 0
 503  382 0
 506  390 0
 506  382 0
 496  370 0
 501  370 0
 502  374 0
 502  381 0
 503  383 0
 497  378 0
 491  370 0
 504  376 0
 511  383 0
 503  380 0
 501  375 0
 499  372 0
 499  365 0
 499  364 0
 503  368 0
 512  309 0
 503  302 0
 519  300 0
 514  306 0
 507  301 0
 509  296 0
 517  298 0
 513  300 0
 514  305 0
 509  311 0
 506  310 0
 506  303 0
 506  298 0
 515  304 0
 522  312 0
 509  312 0
 499  306 0
 502  298 0
 509  295 0
 522  301 0
 521  304 0
 520  309 0
 513  313 0
 506  312 0
 504  305 0
 510  305 0
 513  304 0
 523  295 0
 518  294 0
 515  296 0
 519  306 0
 519  311 0
 545  225 0
 541  222 0
 541  211 0
 548  205 0
 559  208 0
 561  214 0
 555  217 0
 553  220 0
 558  225 0
 558  216 0
 550  215 0
 544  221 0
 551  228 0
 551  231 0
 555  221 0
 547  220 0
 541  218 0
 540  213 0
 551  211 0
 551  208 0
 547  217 0
 555  213 0
 547  210 0
 563  225 0
 557  231 0
 541  231 0
 538  226 0
 538  213 0
 125  156 0
 120  152 0
 120  144 0
 121  141 0
 126  140 0
 130  140 0
 141  142 0
 139  147 0
 136  149 0
 138  157 0
 128  157 0
 127  149 0
 129  147 0
 133  147 0
 139  152 0
 135  155 0
 131  146 0
 136  144 0
 141  144 0
 152  149 0
 129  140 0
 129  139 0
 117  142 0
 121  149 0
 134  144 0
 133  156 0
 126  157 0
 126  149 0
 129  146 0
 138  147 0
 141  152 0
 128  152 0
 130  145 0
 135  143 0
 140  143 0
 140  150 0
 132  142 0
 123  144 0
 123  145 0
 133  153 0
 296  384 0
 248  377 0
 214  353 0
 198  322 0
 208  306 0
 188  266 0
 180  170 0
 174  191 0
 158  315 0
 199  331 0
 296  356 0
 349  332 0
 407  374 0
 440  352 0
 423  382 0
 342  384 0
 302  414 0
 347  349 0
 386  295 0
 344  211 0
 306  247 0
 287  242 0
 273  170 0
 244  174 0
 177  179 0
 190  233 0
 304  137 0
 363  140 0
 389  167 0
 448  112 0
 498  144 0
 516  190 0
 469  195 0
 431  198 0
 414  241 0
 479  245 0
 519  241 0
 496  260 0
 481  322 0
 496  341 0
 513  403 0
 466  415 0
 301  430 0
 204  421 0
 112  338 0
 120  283 0
 154  248 0
 157  277 0
 153  307 0
 216  195 0
 189  192 0
 114  168 0
 198  131 0
 227  121 0
 358  116 0
 429  113 0
 394  200 0
 390  225 0
 436  284 0
 458  290 0
 464  372 0
 515  210 0
 496  136 0
 371  137 0
 324  123 0
 274  143 0
 291  197 0
 322  265 0
 239  334 0
 333  328 0
 207  378 0
 406  202 0
 269  126 0
 173  134 0
 307  117 0
 460  110 0
 480  119 0
 485  180 0
 437  259 0
 293  272 0
 267  374 0
 375  252 0
 418  321 0
 198  393 0
 171  382 0
 190  283 0
 504  405 0
 511  414 0
 517  410 0
 511  402 0
 508  408 0
 511  403 0
 513  398 0
 512  393 0
 508  386 0
 505  392 0
 500  402 0
 504  400 0
 513  411 0
 515  399 0
